HepMC::Version 3.02.05
HepMC::IO_GenEvent-START_EVENT_LISTING
E 0 0 0.000000e+00 0.000000e+00 0.000000e+00 -1 0 1 10000 10000 0 0
U GEV MM
V -1 0 -1.8938514590263367e+02 -7.7219709753990173e+01 -5.0000000000000000e+03 -5.0000000000000000e+03 1 1 0
P 10001 -13 -9.4194663853386373e-02 -1.0084660065058415e-01 5.4209118028074954e-01 5.6927078962326050e-01 1.0565847159070374e-01 1 0 0 -1 0
P 10002 -13 -9.4194663853386373e-02 -1.0084660065058415e-01 5.4209118028074954e-01 5.6927078962326050e-01 1.0565847159070374e-01 1 0 0 0 0
E 1 0 0.000000e+00 0.000000e+00 0.000000e+00 -1 0 1 10000 10000 0 0
U GEV MM
V -1 0 -1.9163326919078827e+02 -6.9514609873294830e+01 -5.0000000000000000e+03 -5.0000000000000000e+03 1 1 0
P 10001 -13 -1.5870529577494619e-01 -9.5045480101759949e-02 7.3456784467142100e-01 7.6483637094497681e-01 1.0565860921040991e-01 1 0 0 -1 0
P 10002 -13 -1.5870529577494619e-01 -9.5045480101759949e-02 7.3456784467142100e-01 7.6483637094497681e-01 1.0565860921040991e-01 1 0 0 0 0
E 2 0 0.000000e+00 0.000000e+00 0.000000e+00 -1 0 1 10000 10000 0 0
U GEV MM
V -1 0 -1.6355112195014954e+01 8.3008050918579102e+01 -5.0000000000000000e+03 -5.0000000000000000e+03 1 1 0
P 10001 -13 4.3593077515037937e-02 -7.3532043908784317e-02 2.1922506780510886e-01 2.5793534517288208e-01 1.0565838370268471e-01 1 0 0 -1 0
P 10002 -13 4.3593077515037937e-02 -7.3532043908784317e-02 2.1922506780510886e-01 2.5793534517288208e-01 1.0565838370268471e-01 1 0 0 0 0
HepMC::IO_GenEvent-END_EVENT_LISTING

